   8.772400
   8.506540
   8.859382
   8.603009
   8.422304
   8.633549
   8.579669
   8.571572
   8.739818
  10.000000
  8.633266
  8.577919
  9.800000
  8.760043
  8.861813
  8.688560
  9.180654
  8.732249
  8.581246
  8.589893
  8.531499
  8.532195
  8.951921
  9.248832
  9.155793
  8.573387
  8.615999
 10.043544
  9.275138
  8.992383
  9.522458
  9.001984
  8.532096
  8.668908
  9.812605
  8.842339
  8.709492
  8.593196
  8.511633
  8.635735
  8.449188
 11.178945
  9.131810
 10.548171
  9.161820
 10.717606
  9.771112
  8.572601
  9.856720
  8.503899
  8.549595
 10.751302
  9.445308
  8.519613
  9.296564
 10.503828
  9.757327
  9.150509
  9.162324
  9.982537
  9.132862
  8.487701
  8.494279
  8.545752
 10.644967
  8.780573
  8.982944
  8.576752
  8.588447
  8.640297
  8.668750
  8.662967
  8.611002
  8.892199
  8.849907
 10.799541
  8.980968
  8.598795
  8.650426
  8.895602
  9.472827
  9.471002
  9.205788
  8.974817
  8.520177
  8.630310
  8.751459
 10.276555
  8.478803
 10.807319
  9.687999
 10.439231
  9.601779
  9.361532
  9.868969
  9.347692
  8.757732
  9.001888
 10.157963
  8.839446
  8.868279
  8.669549
  8.884266
 11.072635
  9.948276
 10.845306
  8.723325
  9.336941
  8.775399
  8.797877
  8.438876
  8.654267
  8.907334
  8.574555
  9.297043
  9.040650
  9.907272
  9.196074
  8.806300
  9.245981
  8.592117